1
spine_002  -1.0000  -0.0000  -0.0000  -0.0000
            -0.0000   0.2615   0.9652  -0.6833
             0.0000   0.9652  -0.2615   6.1676
             0.0000   0.0000   0.0000   1.0000
spine_003  -1.0000  -0.0000  -0.0000  -0.0000
            -0.0000   0.2480   0.9688  -0.0066
             0.0000   0.9688  -0.2480   8.6651
             0.0000   0.0000   0.0000   1.0000
spine_004  -1.0000  -0.0000  -0.0000  -0.0000
            -0.0000   0.4719   0.8816   0.3217
             0.0000   0.8816  -0.4719   9.9473
             0.0000   0.0000   0.0000   1.0000
spine_006  -1.0000  -0.0000  -0.0000  -0.0000
            -0.0000   0.2756   0.9613   0.7934
             0.0000   0.9613  -0.2756  10.6922
             0.0000   0.0000   0.0000   1.0000
upper_arm_L   0.9979   0.0635  0.0134  -1.3895
            -0.0617   0.8652  0.4977   0.0488
             0.0200  -0.4975  0.8673   9.3986
             0.0000   0.0000  0.0000   1.0000
forearm_L   0.5378   0.8413  0.0542  -1.2268
            -0.8155   0.5028  0.2867   2.2650
             0.2139  -0.1983  0.9565   8.1243
             0.0000   0.0000  0.0000   1.0000
hand_L  0.0366   0.8624  -0.5049  0.1357
            0.9587   0.1124   0.2613  3.0793
            0.2821  -0.4936  -0.8227  7.8031
            0.0000   0.0000   0.0000  1.0000
thumb_01_L   0.4582  0.7946   0.3983  0.3423
            -0.3274  0.5675  -0.7555  3.4432
            -0.8264  0.2157   0.5202  7.7058
             0.0000  0.0000   0.0000  1.0000
thumb_02_L   0.1981   0.4834   0.8527  0.5178
             0.9748  -0.0060  -0.2231  3.5685
            -0.1027   0.8754  -0.4724  7.7534
             0.0000   0.0000   0.0000  1.0000
palm_03_L   0.2439  0.9221  -0.3004  0.6494
            -0.8865  0.3376   0.3164  3.1672
             0.3932  0.1891   0.8998  7.5472
             0.0000  0.0000   0.0000  1.0000
f_ring_01_L   0.2480  0.7132  -0.6556  0.9799
            -0.9205  0.3845   0.0701  3.2846
             0.3021  0.5861   0.7519  7.6213
             0.0000  0.0000   0.0000  1.0000
upper_arm_R   0.6182   0.4542  0.6415  1.4343
            -0.7719   0.1966  0.6046  0.0598
             0.1485  -0.8690  0.4721  9.4007
             0.0000   0.0000  0.0000  1.0000
forearm_R   0.6648  -0.6661  0.3382  2.6299
             0.6348   0.7424  0.2142  0.5773
            -0.3938   0.0723  0.9164  7.1133
             0.0000   0.0000  0.0000  1.0000
hand_R   0.2299  -0.6637  0.7118  1.6784
             0.1750   0.7477  0.6406  1.6378
            -0.9573  -0.0227  0.2881  7.2165
             0.0000   0.0000  0.0000  1.0000
thumb_01_R  -0.9804  -0.1145   0.1601  1.3912
            -0.1072   0.9928   0.0532  1.8907
            -0.1650   0.0350  -0.9857  7.5455
             0.0000   0.0000   0.0000  1.0000
thumb_02_R  -0.1475  -0.9072  -0.3940  1.3639
            -0.8351   0.3277  -0.4418  2.1277
             0.5299   0.2639  -0.8059  7.5538
             0.0000   0.0000   0.0000  1.0000
palm_03_R  0.2469  -0.9483  -0.1992  1.2148
            0.3317   0.2759  -0.9022  2.1612
            0.9105   0.1567   0.3826  7.2033
            0.0000   0.0000   0.0000  1.0000
f_ring_01_R   0.1303   0.0174   0.9913  0.8741
            -0.0056  -0.9998   0.0182  2.2601
             0.9915  -0.0079  -0.1302  7.2533
             0.0000   0.0000   0.0000  1.0000
thigh_L  -0.9997  -0.0237   0.0010  -0.6506
            -0.0208   0.8571  -0.5148  -0.7398
             0.0113  -0.5147  -0.8573   6.0490
             0.0000   0.0000   0.0000   1.0000
shin_L  -0.9986   0.0526  -0.0023  -0.7539
            -0.0036  -0.1135  -0.9935   2.9969
            -0.0525  -0.9921   0.1135   3.8051
             0.0000   0.0000   0.0000   1.0000
foot_L  -0.9975  -0.0520   0.0477  -0.6152
            -0.0674   0.9008  -0.4289   2.6977
            -0.0207  -0.4311  -0.9021   1.1881
             0.0000   0.0000   0.0000   1.0000
toe_L   1.0000   0.0000  -0.0000  -0.6736
            -0.0000   0.9996   0.0283   3.7099
             0.0000  -0.0283   0.9996   0.7037
             0.0000   0.0000   0.0000   1.0000
heel_02_L  -0.0000  -1.0000  -0.0000  -0.4124
             0.9996   0.0000   0.0283   2.4839
            -0.0283  -0.0000   0.9996   0.8156
             0.0000   0.0000   0.0000   1.0000
thigh_R  -0.9980   0.0638  -0.0047   0.6505
             0.0438   0.6276  -0.7773  -0.7398
            -0.0466  -0.7759  -0.6291   6.0490
             0.0000   0.0000   0.0000   1.0000
shin_R  -0.9983  -0.0507  -0.0291  0.9288
             0.0561  -0.6927  -0.7190  1.9977
             0.0162  -0.7194   0.6944  2.6646
             0.0000   0.0000   0.0000  1.0000
foot_R  -0.9986   0.0161  -0.0495  0.7952
             0.0450   0.7435  -0.6672  0.1709
             0.0261  -0.6685  -0.7432  0.7674
             0.0000   0.0000   0.0000  1.0000
toe_R   0.9995   0.0296  -0.0112  0.8133
            -0.0246   0.9507   0.3093  1.0054
             0.0198  -0.3088   0.9509  0.0172
             0.0000   0.0000   0.0000  1.0000
heel_02_R  -0.0296   0.9995  -0.0112   0.5150
            -0.9507  -0.0246   0.3093  -0.1323
             0.3088   0.0198   0.9509   0.4648
             0.0000   0.0000   0.0000   1.0000
Bone  -0.9669  -0.2482   0.0585  1.2532
            -0.2547   0.9511  -0.1750  0.6301
            -0.0122  -0.1841  -0.9828  7.8676
             0.0000   0.0000   0.0000  1.0000

